Caminho: [27, 29, 13, 8, 28, 14, 3, 1, 5, 10, 23, 2, 21, 12, 0, 16, 19, 7, 26, 11, 24, 9, 18, 15, 20, 25, 4, 22, 6, 17]
Peso: 806.0
Caminho: [1, 5, 10, 23, 2, 21, 12, 0, 16, 19, 7, 26, 11, 24, 9, 18, 15, 20, 25, 4, 22, 6, 17, 3, 27, 29, 13, 8, 28, 14]
Peso: 806.0
Caminho: [14, 28, 8, 13, 27, 29, 3, 1, 5, 10, 23, 2, 21, 12, 0, 16, 19, 7, 26, 11, 24, 9, 18, 15, 20, 25, 4, 22, 6, 17]
Peso: 806.0
Caminho: [5, 10, 23, 2, 21, 12, 0, 16, 19, 7, 26, 11, 24, 9, 18, 15, 20, 25, 4, 22, 6, 17, 1, 3, 27, 29, 13, 8, 28, 14]
Peso: 806.0
Caminho: [11, 26, 7, 19, 16, 0, 12, 21, 2, 23, 10, 5, 1, 3, 27, 29, 13, 8, 28, 14, 17, 18, 15, 20, 25, 4, 22, 6, 24, 9]
Peso: 806.0
Caminho: [5, 10, 23, 2, 21, 12, 0, 16, 19, 7, 26, 11, 24, 9, 18, 15, 20, 25, 4, 22, 6, 17, 1, 3, 27, 29, 13, 8, 28, 14]
Peso: 806.0
Caminho: [7, 26, 11, 24, 9, 19, 16, 0, 12, 21, 2, 23, 10, 5, 1, 3, 27, 29, 13, 8, 28, 14, 17, 18, 15, 20, 25, 4, 22, 6]
Peso: 806.0
Caminho: [10, 23, 2, 21, 12, 0, 16, 19, 7, 26, 11, 24, 9, 18, 15, 20, 25, 4, 22, 6, 17, 5, 1, 3, 27, 29, 13, 8, 28, 14]
Peso: 806.0
Caminho: [24, 26, 7, 19, 16, 0, 12, 21, 2, 23, 10, 5, 1, 3, 27, 29, 13, 8, 28, 14, 17, 18, 15, 20, 25, 4, 22, 6, 11, 9]
Peso: 806.0
Caminho: [27, 29, 13, 8, 28, 14, 3, 1, 5, 10, 23, 2, 21, 12, 0, 16, 19, 7, 26, 11, 24, 9, 18, 15, 20, 25, 4, 22, 6, 17]
Peso: 806.0
